TextBlob Classification Report			-> All Memories, # memories: 909

		 VADER 			 Textblob 
Accuracy: 0.3696369636963696, 0.3146314631463146 
Precision: [0.1        0.34090909 0.35782748 0.43343653 0.31050228], [0.         0.14035088 0.29475588 0.42677824 0.25      ] 
Recall: [0.07142857 0.2173913  0.44094488 0.38251366 0.33009709], [0.         0.11594203 0.64173228 0.27868852 0.0631068 ] 
F1: [0.08333333 0.26548673 0.39506173 0.40638607 0.32      ], [0.         0.12698413 0.4039653  0.33719008 0.10077519]

VADER 	
              precision    recall  f1-score   support

           1       0.10      0.07      0.08        14
           2       0.34      0.22      0.27        69
           3       0.36      0.44      0.40       254
           4       0.43      0.38      0.41       366
           5       0.31      0.33      0.32       206

    accuracy                           0.37       909
   macro avg       0.31      0.29      0.29       909
weighted avg       0.37      0.37      0.37       909

Textblob 	
              precision    recall  f1-score   support

           1       0.00      0.00      0.00        14
           2       0.14      0.12      0.13        69
           3       0.29      0.64      0.40       254
           4       0.43      0.28      0.34       366
           5       0.25      0.06      0.10       206

    accuracy                           0.31       909
   macro avg       0.22      0.22      0.19       909
weighted avg       0.32      0.31      0.28       909
