TextBlob Classification Report			-> All Memories, # memories: 575

		 VADER 			 Textblob 
Accuracy: 0.3652173913043478, 0.3095652173913043 
Precision: [0.         0.25       0.30357143 0.44545455 0.33727811], [0.         0.02941176 0.25519288 0.48795181 0.29411765] 
Recall: [0.         0.33333333 0.375      0.36981132 0.35849057], [0.         0.08333333 0.63235294 0.30566038 0.06289308] 
F1: [0.         0.28571429 0.33552632 0.40412371 0.34756098], [0.         0.04347826 0.36363636 0.37587007 0.10362694]

VADER 	
              precision    recall  f1-score   support

           1       0.00      0.00      0.00         3
           2       0.25      0.33      0.29        12
           3       0.30      0.38      0.34       136
           4       0.45      0.37      0.40       265
           5       0.34      0.36      0.35       159

    accuracy                           0.37       575
   macro avg       0.27      0.29      0.27       575
weighted avg       0.38      0.37      0.37       575

Textblob 	
              precision    recall  f1-score   support

           1       0.00      0.00      0.00         3
           2       0.03      0.08      0.04        12
           3       0.26      0.63      0.36       136
           4       0.49      0.31      0.38       265
           5       0.29      0.06      0.10       159

    accuracy                           0.31       575
   macro avg       0.21      0.22      0.18       575
weighted avg       0.37      0.31      0.29       575
