TextBlob Classification Report			-> All Memories, # memories: 749

		 VADER 			 Textblob 
Accuracy: 0.38451268357810414, 0.32443257676902537 
Precision: [0.         0.17391304 0.35744681 0.47122302 0.33495146], [0.         0.02272727 0.29213483 0.46478873 0.30952381] 
Recall: [0.         0.28571429 0.4137931  0.38988095 0.35751295], [0.         0.07142857 0.64039409 0.29464286 0.06735751] 
F1: [0.         0.21621622 0.38356164 0.4267101  0.34586466], [0.         0.03448276 0.40123457 0.36065574 0.1106383 ]

VADER 	
              precision    recall  f1-score   support

           1       0.00      0.00      0.00         3
           2       0.17      0.29      0.22        14
           3       0.36      0.41      0.38       203
           4       0.47      0.39      0.43       336
           5       0.33      0.36      0.35       193

    accuracy                           0.38       749
   macro avg       0.27      0.29      0.27       749
weighted avg       0.40      0.38      0.39       749

Textblob 	
              precision    recall  f1-score   support

           1       0.00      0.00      0.00         3
           2       0.02      0.07      0.03        14
           3       0.29      0.64      0.40       203
           4       0.46      0.29      0.36       336
           5       0.31      0.07      0.11       193

    accuracy                           0.32       749
   macro avg       0.22      0.21      0.18       749
weighted avg       0.37      0.32      0.30       749
