TextBlob Classification Report			-> All Memories, # memories: 825

		 VADER 			 Textblob 
Accuracy: 0.3466666666666667, 0.2921212121212121 
Precision: [0.07692308 0.28       0.29310345 0.48623853 0.34513274], [0.         0.14035088 0.27083333 0.38617886 0.23529412] 
Recall: [0.09090909 0.35       0.53125    0.31736527 0.19897959], [0.         0.13333333 0.58035714 0.28443114 0.04081633] 
F1: [0.08333333 0.31111111 0.37777778 0.38405797 0.25242718], [0.         0.13675214 0.36931818 0.32758621 0.06956522]

VADER 	
              precision    recall  f1-score   support

           1       0.08      0.09      0.08        11
           2       0.28      0.35      0.31        60
           3       0.29      0.53      0.38       224
           4       0.49      0.32      0.38       334
           5       0.35      0.20      0.25       196

    accuracy                           0.35       825
   macro avg       0.30      0.30      0.28       825
weighted avg       0.38      0.35      0.34       825

Textblob 	
              precision    recall  f1-score   support

           1       0.00      0.00      0.00        11
           2       0.14      0.13      0.14        60
           3       0.27      0.58      0.37       224
           4       0.39      0.28      0.33       334
           5       0.24      0.04      0.07       196

    accuracy                           0.29       825
   macro avg       0.21      0.21      0.18       825
weighted avg       0.30      0.29      0.26       825
