TextBlob Classification Report			-> All Memories, # memories: 2484

		 VADER 			 Textblob 
Accuracy: 0.33373590982286633, 0.22624798711755234 
Precision: [0.54310345 0.37191651 0.23884198 0.22469136 0.35521236], [0.47619048 0.40972222 0.18653159 0.23310023 0.23404255] 
Recall: [0.40063593 0.27722772 0.46153846 0.23947368 0.27138643], [0.0317965  0.1669024  0.72960373 0.26315789 0.03244838] 
F1: [0.46111619 0.31766613 0.31478537 0.23184713 0.30769231], [0.05961252 0.23718593 0.29710489 0.24721879 0.05699482]

VADER 	
              precision    recall  f1-score   support

           1       0.54      0.40      0.46       629
           2       0.37      0.28      0.32       707
           3       0.24      0.46      0.31       429
           4       0.22      0.24      0.23       380
           5       0.36      0.27      0.31       339

    accuracy                           0.33      2484
   macro avg       0.35      0.33      0.33      2484
weighted avg       0.37      0.33      0.34      2484

Textblob 	
              precision    recall  f1-score   support

           1       0.48      0.03      0.06       629
           2       0.41      0.17      0.24       707
           3       0.19      0.73      0.30       429
           4       0.23      0.26      0.25       380
           5       0.23      0.03      0.06       339

    accuracy                           0.23      2484
   macro avg       0.31      0.24      0.18      2484
weighted avg       0.34      0.23      0.18      2484
