TextBlob Classification Report			-> All Memories, # memories: 825

		 VADER 			 Textblob 
Accuracy: 0.3466666666666667, 0.2896969696969697 
Precision: [0.07692308 0.28       0.29310345 0.48623853 0.34513274], [0.         0.15384615 0.268      0.37698413 0.15384615] 
Recall: [0.09090909 0.35       0.53125    0.31736527 0.19897959], [0.         0.13333333 0.59821429 0.28443114 0.01020408] 
F1: [0.08333333 0.31111111 0.37777778 0.38405797 0.25242718], [0.         0.14285714 0.37016575 0.32423208 0.01913876]

VADER 	
              precision    recall  f1-score   support

           1       0.08      0.09      0.08        11
           2       0.28      0.35      0.31        60
           3       0.29      0.53      0.38       224
           4       0.49      0.32      0.38       334
           5       0.35      0.20      0.25       196

    accuracy                           0.35       825
   macro avg       0.30      0.30      0.28       825
weighted avg       0.38      0.35      0.34       825

Textblob 	
              precision    recall  f1-score   support

           1       0.00      0.00      0.00        11
           2       0.15      0.13      0.14        60
           3       0.27      0.60      0.37       224
           4       0.38      0.28      0.32       334
           5       0.15      0.01      0.02       196

    accuracy                           0.29       825
   macro avg       0.19      0.21      0.17       825
weighted avg       0.27      0.29      0.25       825
