TextBlob Classification Report			-> Cue type: Condition, cue value: Name, # memories: 189

		 VADER 			 Textblob 
Accuracy: 0.3333333333333333, 0.26455026455026454 
Precision: [0.         0.33333333 0.34482759 0.41071429 0.19230769], [0.         0.13333333 0.28301887 0.26229508 0.28571429] 
Recall: [0.         0.27777778 0.47619048 0.32857143 0.14285714], [0.         0.11111111 0.47619048 0.22857143 0.05714286] 
F1: [0.         0.3030303  0.4        0.36507937 0.16393443], [0.         0.12121212 0.35502959 0.24427481 0.0952381 ]

VADER 	
              precision    recall  f1-score   support

           1       0.00      0.00      0.00         3
           2       0.33      0.28      0.30        18
           3       0.34      0.48      0.40        63
           4       0.41      0.33      0.37        70
           5       0.19      0.14      0.16        35

    accuracy                           0.33       189
   macro avg       0.26      0.25      0.25       189
weighted avg       0.33      0.33      0.33       189

Textblob 	
              precision    recall  f1-score   support

           1       0.00      0.00      0.00         3
           2       0.13      0.11      0.12        18
           3       0.28      0.48      0.36        63
           4       0.26      0.23      0.24        70
           5       0.29      0.06      0.10        35

    accuracy                           0.26       189
   macro avg       0.19      0.17      0.16       189
weighted avg       0.26      0.26      0.24       189
