TextBlob Classification Report			-> Cue type: Condition, cue value: Name, # memories: 207

		 VADER 			 Textblob 
Accuracy: 0.3864734299516908, 0.3140096618357488 
Precision: [0.         0.45454545 0.47297297 0.42647059 0.21153846], [0.         0.17647059 0.33057851 0.31578947 0.33333333] 
Recall: [0.         0.2173913  0.5        0.38666667 0.31428571], [0.         0.13043478 0.57142857 0.24       0.11428571] 
F1: [0.         0.29411765 0.48611111 0.40559441 0.25287356], [0.         0.15       0.41884817 0.27272727 0.17021277]

VADER 	
              precision    recall  f1-score   support

           1       0.00      0.00      0.00         4
           2       0.45      0.22      0.29        23
           3       0.47      0.50      0.49        70
           4       0.43      0.39      0.41        75
           5       0.21      0.31      0.25        35

    accuracy                           0.39       207
   macro avg       0.31      0.28      0.29       207
weighted avg       0.40      0.39      0.39       207

Textblob 	
              precision    recall  f1-score   support

           1       0.00      0.00      0.00         4
           2       0.18      0.13      0.15        23
           3       0.33      0.57      0.42        70
           4       0.32      0.24      0.27        75
           5       0.33      0.11      0.17        35

    accuracy                           0.31       207
   macro avg       0.23      0.21      0.20       207
weighted avg       0.30      0.31      0.29       207
