TextBlob Classification Report			-> Cue type: Condition, cue value: Song , # memories: 303

		 VADER 			 Textblob 
Accuracy: 0.3795379537953795, 0.31353135313531355 
Precision: [0.16666667 0.2        0.36363636 0.43442623 0.35064935], [0.         0.05       0.3021978  0.45205479 0.27272727] 
Recall: [0.2        0.1        0.38554217 0.43089431 0.375     ], [0.         0.05       0.6626506  0.26829268 0.08333333] 
F1: [0.18181818 0.13333333 0.37426901 0.43265306 0.36241611], [0.         0.05       0.41509434 0.33673469 0.12765957]

VADER 	
              precision    recall  f1-score   support

           1       0.17      0.20      0.18         5
           2       0.20      0.10      0.13        20
           3       0.36      0.39      0.37        83
           4       0.43      0.43      0.43       123
           5       0.35      0.38      0.36        72

    accuracy                           0.38       303
   macro avg       0.30      0.30      0.30       303
weighted avg       0.38      0.38      0.38       303

Textblob 	
              precision    recall  f1-score   support

           1       0.00      0.00      0.00         5
           2       0.05      0.05      0.05        20
           3       0.30      0.66      0.42        83
           4       0.45      0.27      0.34       123
           5       0.27      0.08      0.13        72

    accuracy                           0.31       303
   macro avg       0.22      0.21      0.19       303
weighted avg       0.33      0.31      0.28       303
