TextBlob Classification Report			-> Cue type: Condition, cue value: Song , # memories: 276

		 VADER 			 Textblob 
Accuracy: 0.3804347826086957, 0.2971014492753623 
Precision: [0.16666667 0.22222222 0.32876712 0.44642857 0.36842105], [0.         0.05       0.27950311 0.44285714 0.25      ] 
Recall: [0.2        0.11111111 0.32876712 0.44247788 0.41791045], [0.         0.05555556 0.61643836 0.27433628 0.07462687] 
F1: [0.18181818 0.14814815 0.32876712 0.44444444 0.39160839], [0.         0.05263158 0.38461538 0.33879781 0.11494253]

VADER 	
              precision    recall  f1-score   support

           1       0.17      0.20      0.18         5
           2       0.22      0.11      0.15        18
           3       0.33      0.33      0.33        73
           4       0.45      0.44      0.44       113
           5       0.37      0.42      0.39        67

    accuracy                           0.38       276
   macro avg       0.31      0.30      0.30       276
weighted avg       0.38      0.38      0.38       276

Textblob 	
              precision    recall  f1-score   support

           1       0.00      0.00      0.00         5
           2       0.05      0.06      0.05        18
           3       0.28      0.62      0.38        73
           4       0.44      0.27      0.34       113
           5       0.25      0.07      0.11        67

    accuracy                           0.30       276
   macro avg       0.20      0.20      0.18       276
weighted avg       0.32      0.30      0.27       276
