TextBlob Classification Report			-> Cue type: Song, cue value: As it Was, # memories: 54

		 VADER 			 Textblob 
Accuracy: 0.3333333333333333, 0.35185185185185186 
Precision: [0.         0.5        0.2173913  0.36842105 0.5       ], [0.         0.33333333 0.32142857 0.35294118 0.66666667] 
Recall: [0.         0.11111111 0.38461538 0.38888889 0.35714286], [0.         0.22222222 0.69230769 0.33333333 0.14285714] 
F1: [0.         0.18181818 0.27777778 0.37837838 0.41666667], [0.         0.26666667 0.43902439 0.34285714 0.23529412]

VADER 	
              precision    recall  f1-score   support

           1       0.00      0.00      0.00         0
           2       0.50      0.11      0.18         9
           3       0.22      0.38      0.28        13
           4       0.37      0.39      0.38        18
           5       0.50      0.36      0.42        14

   micro avg       0.33      0.33      0.33        54
   macro avg       0.32      0.25      0.25        54
weighted avg       0.39      0.33      0.33        54

Textblob 	
              precision    recall  f1-score   support

           1       0.00      0.00      0.00         0
           2       0.33      0.22      0.27         9
           3       0.32      0.69      0.44        13
           4       0.35      0.33      0.34        18
           5       0.67      0.14      0.24        14

   micro avg       0.35      0.35      0.35        54
   macro avg       0.33      0.28      0.26        54
weighted avg       0.42      0.35      0.33        54
