TextBlob Classification Report			-> Cue type: Song, cue value: As it Was, # memories: 51

		 VADER 			 Textblob 
Accuracy: 0.35294117647058826, 0.3137254901960784 
Precision: [0.         0.2        0.26923077 0.38461538 0.83333333], [0.         0.16666667 0.29166667 0.36842105 0.5       ] 
Recall: [0.         0.14285714 0.53846154 0.29411765 0.35714286], [0.         0.14285714 0.53846154 0.41176471 0.07142857] 
F1: [0.         0.16666667 0.35897436 0.33333333 0.5       ], [0.         0.15384615 0.37837838 0.38888889 0.125     ]

VADER 	
              precision    recall  f1-score   support

           1       0.00      0.00      0.00         0
           2       0.20      0.14      0.17         7
           3       0.27      0.54      0.36        13
           4       0.38      0.29      0.33        17
           5       0.83      0.36      0.50        14

    accuracy                           0.35        51
   macro avg       0.34      0.27      0.27        51
weighted avg       0.45      0.35      0.36        51

Textblob 	
              precision    recall  f1-score   support

           1       0.00      0.00      0.00         0
           2       0.17      0.14      0.15         7
           3       0.29      0.54      0.38        13
           4       0.37      0.41      0.39        17
           5       0.50      0.07      0.12        14

   micro avg       0.31      0.31      0.31        51
   macro avg       0.27      0.23      0.21        51
weighted avg       0.36      0.31      0.28        51
