TextBlob Classification Report			-> Cue type: Year, cue value: 2020, # memories: 176

		 VADER 			 Textblob 
Accuracy: 0.32386363636363635, 0.24431818181818182 
Precision: [0.         0.36363636 0.27631579 0.41666667 0.2962963 ], [0.         0.15384615 0.21495327 0.34883721 0.27272727] 
Recall: [0.         0.66666667 0.48837209 0.27027027 0.17391304], [0.         0.16666667 0.53488372 0.2027027  0.06521739] 
F1: [0.         0.47058824 0.35294118 0.32786885 0.21917808], [0.         0.16       0.30666667 0.25641026 0.10526316]

VADER 	
              precision    recall  f1-score   support

           1       0.00      0.00      0.00         1
           2       0.36      0.67      0.47        12
           3       0.28      0.49      0.35        43
           4       0.42      0.27      0.33        74
           5       0.30      0.17      0.22        46

    accuracy                           0.32       176
   macro avg       0.27      0.32      0.27       176
weighted avg       0.34      0.32      0.31       176

Textblob 	
              precision    recall  f1-score   support

           1       0.00      0.00      0.00         1
           2       0.15      0.17      0.16        12
           3       0.21      0.53      0.31        43
           4       0.35      0.20      0.26        74
           5       0.27      0.07      0.11        46

    accuracy                           0.24       176
   macro avg       0.20      0.19      0.17       176
weighted avg       0.28      0.24      0.22       176
