TextBlob Classification Report			-> Cue type: Year, cue value: 2021, # memories: 209

		 VADER 			 Textblob 
Accuracy: 0.35406698564593303, 0.3253588516746411 
Precision: [0.         0.26315789 0.28571429 0.57142857 0.32142857], [0.         0.18181818 0.30075188 0.46428571 0.        ] 
Recall: [0.         0.35714286 0.59259259 0.31818182 0.18367347], [0.         0.14285714 0.74074074 0.29545455 0.        ] 
F1: [0.         0.3030303  0.38554217 0.40875912 0.23376623], [0.         0.16       0.42780749 0.36111111 0.        ]

VADER 	
              precision    recall  f1-score   support

           1       0.00      0.00      0.00         4
           2       0.26      0.36      0.30        14
           3       0.29      0.59      0.39        54
           4       0.57      0.32      0.41        88
           5       0.32      0.18      0.23        49

    accuracy                           0.35       209
   macro avg       0.29      0.29      0.27       209
weighted avg       0.41      0.35      0.35       209

Textblob 	
              precision    recall  f1-score   support

           1       0.00      0.00      0.00         4
           2       0.18      0.14      0.16        14
           3       0.30      0.74      0.43        54
           4       0.46      0.30      0.36        88
           5       0.00      0.00      0.00        49

    accuracy                           0.33       209
   macro avg       0.19      0.24      0.19       209
weighted avg       0.29      0.33      0.27       209
