TextBlob Classification Report			-> Cue type: Year, cue value: 2019, # memories: 225

		 VADER 			 Textblob 
Accuracy: 0.4088888888888889, 0.3422222222222222 
Precision: [0.         0.14285714 0.42465753 0.52       0.31343284], [0.         0.         0.31746032 0.46153846 0.1       ] 
Recall: [0.         0.5        0.46969697 0.37864078 0.38888889], [0.         0.         0.60606061 0.34951456 0.01851852] 
F1: [0.         0.22222222 0.44604317 0.43820225 0.34710744], [0.         0.         0.41666667 0.39779006 0.03125   ]

VADER 	
              precision    recall  f1-score   support

           1       0.00      0.00      0.00         0
           2       0.14      0.50      0.22         2
           3       0.42      0.47      0.45        66
           4       0.52      0.38      0.44       103
           5       0.31      0.39      0.35        54

    accuracy                           0.41       225
   macro avg       0.28      0.35      0.29       225
weighted avg       0.44      0.41      0.42       225

Textblob 	
              precision    recall  f1-score   support

           1       0.00      0.00      0.00         0
           2       0.00      0.00      0.00         2
           3       0.32      0.61      0.42        66
           4       0.46      0.35      0.40       103
           5       0.10      0.02      0.03        54

    accuracy                           0.34       225
   macro avg       0.18      0.19      0.17       225
weighted avg       0.33      0.34      0.31       225
