TextBlob Classification Report			-> Cue type: Year, cue value: 2019, # memories: 250

		 VADER 			 Textblob 
Accuracy: 0.384, 0.332 
Precision: [0.2        0.27272727 0.42105263 0.44318182 0.3       ], [0.         0.23076923 0.31654676 0.41176471 0.08333333] 
Recall: [0.5        0.1875     0.41558442 0.38613861 0.38888889], [0.         0.1875     0.57142857 0.34653465 0.01851852] 
F1: [0.28571429 0.22222222 0.41830065 0.41269841 0.33870968], [0.         0.20689655 0.40740741 0.37634409 0.03030303]

VADER 	
              precision    recall  f1-score   support

           1       0.20      0.50      0.29         2
           2       0.27      0.19      0.22        16
           3       0.42      0.42      0.42        77
           4       0.44      0.39      0.41       101
           5       0.30      0.39      0.34        54

    accuracy                           0.38       250
   macro avg       0.33      0.38      0.34       250
weighted avg       0.39      0.38      0.39       250

Textblob 	
              precision    recall  f1-score   support

           1       0.00      0.00      0.00         2
           2       0.23      0.19      0.21        16
           3       0.32      0.57      0.41        77
           4       0.41      0.35      0.38       101
           5       0.08      0.02      0.03        54

    accuracy                           0.33       250
   macro avg       0.21      0.22      0.20       250
weighted avg       0.30      0.33      0.30       250
