TextBlob Classification Report			-> Cue type: Year, cue value: 2019, # memories: 277

		 VADER 			 Textblob 
Accuracy: 0.37906137184115524, 0.33935018050541516 
Precision: [0.2        0.23076923 0.41237113 0.44444444 0.29166667], [0.         0.21428571 0.325      0.42528736 0.13333333] 
Recall: [0.33333333 0.16666667 0.45977011 0.3539823  0.375     ], [0.         0.16666667 0.59770115 0.32743363 0.03571429] 
F1: [0.25       0.19354839 0.43478261 0.39408867 0.328125  ], [0.         0.1875     0.42105263 0.37       0.05633803]

VADER 	
              precision    recall  f1-score   support

           1       0.20      0.33      0.25         3
           2       0.23      0.17      0.19        18
           3       0.41      0.46      0.43        87
           4       0.44      0.35      0.39       113
           5       0.29      0.38      0.33        56

    accuracy                           0.38       277
   macro avg       0.32      0.34      0.32       277
weighted avg       0.39      0.38      0.38       277

Textblob 	
              precision    recall  f1-score   support

           1       0.00      0.00      0.00         3
           2       0.21      0.17      0.19        18
           3       0.33      0.60      0.42        87
           4       0.43      0.33      0.37       113
           5       0.13      0.04      0.06        56

    accuracy                           0.34       277
   macro avg       0.22      0.23      0.21       277
weighted avg       0.32      0.34      0.31       277
