TextBlob Classification Report			-> Cue type: Year, cue value: 2019, # memories: 179

		 VADER 			 Textblob 
Accuracy: 0.3687150837988827, 0.3240223463687151 
Precision: [0.         0.33333333 0.35185185 0.46031746 0.28813559], [0.         0.         0.27272727 0.47619048 0.11111111] 
Recall: [0.         0.5        0.40425532 0.3372093  0.38636364], [0.         0.         0.57446809 0.34883721 0.02272727] 
F1: [0.         0.4        0.37623762 0.38926174 0.33009709], [0.         0.         0.36986301 0.40268456 0.03773585]

VADER 	
              precision    recall  f1-score   support

           1       0.00      0.00      0.00         0
           2       0.33      0.50      0.40         2
           3       0.35      0.40      0.38        47
           4       0.46      0.34      0.39        86
           5       0.29      0.39      0.33        44

   micro avg       0.37      0.37      0.37       179
   macro avg       0.29      0.33      0.30       179
weighted avg       0.39      0.37      0.37       179

Textblob 	
              precision    recall  f1-score   support

           1       0.00      0.00      0.00         0
           2       0.00      0.00      0.00         2
           3       0.27      0.57      0.37        47
           4       0.48      0.35      0.40        86
           5       0.11      0.02      0.04        44

    accuracy                           0.32       179
   macro avg       0.17      0.19      0.16       179
weighted avg       0.33      0.32      0.30       179
