TextBlob Classification Report			-> Cue type: Year, cue value: 2020, # memories: 124

		 VADER 			 Textblob 
Accuracy: 0.4112903225806452, 0.28225806451612906 
Precision: [0.         0.2        0.35483871 0.46296296 0.41176471], [0.         0.125      0.20779221 0.51851852 0.36363636] 
Recall: [0.         0.5        0.39285714 0.42372881 0.4       ], [0.         0.5        0.57142857 0.23728814 0.11428571] 
F1: [0.         0.28571429 0.37288136 0.44247788 0.4057971 ], [0.         0.2        0.3047619  0.3255814  0.17391304]

VADER 	
              precision    recall  f1-score   support

           1       0.00      0.00      0.00         0
           2       0.20      0.50      0.29         2
           3       0.35      0.39      0.37        28
           4       0.46      0.42      0.44        59
           5       0.41      0.40      0.41        35

   micro avg       0.41      0.41      0.41       124
   macro avg       0.29      0.34      0.30       124
weighted avg       0.42      0.41      0.41       124

Textblob 	
              precision    recall  f1-score   support

           1       0.00      0.00      0.00         0
           2       0.12      0.50      0.20         2
           3       0.21      0.57      0.30        28
           4       0.52      0.24      0.33        59
           5       0.36      0.11      0.17        35

    accuracy                           0.28       124
   macro avg       0.24      0.28      0.20       124
weighted avg       0.40      0.28      0.28       124
