TextBlob Classification Report			-> Cue type: Year, cue value: 2020, # memories: 159

		 VADER 			 Textblob 
Accuracy: 0.41509433962264153, 0.2641509433962264 
Precision: [0.         0.2        0.32608696 0.50769231 0.39534884], [0.         0.11111111 0.2020202  0.45714286 0.33333333] 
Recall: [0.         0.25       0.42857143 0.44       0.37777778], [0.         0.25       0.57142857 0.21333333 0.11111111] 
F1: [0.         0.22222222 0.37037037 0.47142857 0.38636364], [0.         0.15384615 0.29850746 0.29090909 0.16666667]

VADER 	
              precision    recall  f1-score   support

           1       0.00      0.00      0.00         0
           2       0.20      0.25      0.22         4
           3       0.33      0.43      0.37        35
           4       0.51      0.44      0.47        75
           5       0.40      0.38      0.39        45

   micro avg       0.42      0.42      0.42       159
   macro avg       0.29      0.30      0.29       159
weighted avg       0.43      0.42      0.42       159

Textblob 	
              precision    recall  f1-score   support

           1       0.00      0.00      0.00         0
           2       0.11      0.25      0.15         4
           3       0.20      0.57      0.30        35
           4       0.46      0.21      0.29        75
           5       0.33      0.11      0.17        45

    accuracy                           0.26       159
   macro avg       0.22      0.23      0.18       159
weighted avg       0.36      0.26      0.25       159
