TextBlob Classification Report			-> Cue type: Year, cue value: 2020, # memories: 198

		 VADER 			 Textblob 
Accuracy: 0.3888888888888889, 0.25757575757575757 
Precision: [0.         0.33333333 0.35087719 0.4625     0.32653061], [0.         0.08333333 0.22764228 0.39130435 0.26666667] 
Recall: [0.         0.28571429 0.39215686 0.44578313 0.33333333], [0.         0.07142857 0.54901961 0.21686747 0.08333333] 
F1: [0.         0.30769231 0.37037037 0.45398773 0.32989691], [0.         0.07692308 0.32183908 0.27906977 0.12698413]

VADER 	
              precision    recall  f1-score   support

           1       0.00      0.00      0.00         2
           2       0.33      0.29      0.31        14
           3       0.35      0.39      0.37        51
           4       0.46      0.45      0.45        83
           5       0.33      0.33      0.33        48

    accuracy                           0.39       198
   macro avg       0.29      0.29      0.29       198
weighted avg       0.39      0.39      0.39       198

Textblob 	
              precision    recall  f1-score   support

           1       0.00      0.00      0.00         2
           2       0.08      0.07      0.08        14
           3       0.23      0.55      0.32        51
           4       0.39      0.22      0.28        83
           5       0.27      0.08      0.13        48

    accuracy                           0.26       198
   macro avg       0.19      0.18      0.16       198
weighted avg       0.29      0.26      0.24       198
