TextBlob Classification Report			-> Cue type: Year, cue value: 2020, # memories: 176

		 VADER 			 Textblob 
Accuracy: 0.38636363636363635, 0.23863636363636365 
Precision: [0.         0.4        0.31111111 0.45833333 0.34693878], [0.         0.08333333 0.19230769 0.38095238 0.3125    ] 
Recall: [0.         0.33333333 0.3255814  0.44594595 0.36956522], [0.         0.08333333 0.46511628 0.21621622 0.10869565] 
F1: [0.         0.36363636 0.31818182 0.45205479 0.35789474], [0.         0.08333333 0.27210884 0.27586207 0.16129032]

VADER 	
              precision    recall  f1-score   support

           1       0.00      0.00      0.00         1
           2       0.40      0.33      0.36        12
           3       0.31      0.33      0.32        43
           4       0.46      0.45      0.45        74
           5       0.35      0.37      0.36        46

    accuracy                           0.39       176
   macro avg       0.30      0.29      0.30       176
weighted avg       0.39      0.39      0.39       176

Textblob 	
              precision    recall  f1-score   support

           1       0.00      0.00      0.00         1
           2       0.08      0.08      0.08        12
           3       0.19      0.47      0.27        43
           4       0.38      0.22      0.28        74
           5       0.31      0.11      0.16        46

    accuracy                           0.24       176
   macro avg       0.19      0.17      0.16       176
weighted avg       0.29      0.24      0.23       176
