TextBlob Classification Report			-> Cue type: Year, cue value: 2021, # memories: 229

		 VADER 			 Textblob 
Accuracy: 0.36681222707423583, 0.33624454148471616 
Precision: [0.         0.38461538 0.38461538 0.42168675 0.2745098 ], [0.         0.08333333 0.31756757 0.5        0.18181818] 
Recall: [0.         0.3125     0.48387097 0.37634409 0.26415094], [0.         0.0625     0.75806452 0.29032258 0.03773585] 
F1: [0.         0.34482759 0.42857143 0.39772727 0.26923077], [0.         0.07142857 0.44761905 0.36734694 0.0625    ]

VADER 	
              precision    recall  f1-score   support

           1       0.00      0.00      0.00         5
           2       0.38      0.31      0.34        16
           3       0.38      0.48      0.43        62
           4       0.42      0.38      0.40        93
           5       0.27      0.26      0.27        53

    accuracy                           0.37       229
   macro avg       0.29      0.29      0.29       229
weighted avg       0.37      0.37      0.36       229

Textblob 	
              precision    recall  f1-score   support

           1       0.00      0.00      0.00         5
           2       0.08      0.06      0.07        16
           3       0.32      0.76      0.45        62
           4       0.50      0.29      0.37        93
           5       0.18      0.04      0.06        53

    accuracy                           0.34       229
   macro avg       0.22      0.23      0.19       229
weighted avg       0.34      0.34      0.29       229
