TextBlob Classification Report			-> Cue type: Year, cue value: 2021, # memories: 191

		 VADER 			 Textblob 
Accuracy: 0.34554973821989526, 0.34554973821989526 
Precision: [0.         0.22222222 0.33928571 0.42465753 0.28      ], [0.         0.         0.31623932 0.51923077 0.22222222] 
Recall: [0.         0.66666667 0.37254902 0.35632184 0.29787234], [0.         0.         0.7254902  0.31034483 0.04255319] 
F1: [0.         0.33333333 0.35514019 0.3875     0.28865979], [0.         0.         0.44047619 0.38848921 0.07142857]

VADER 	
              precision    recall  f1-score   support

           1       0.00      0.00      0.00         3
           2       0.22      0.67      0.33         3
           3       0.34      0.37      0.36        51
           4       0.42      0.36      0.39        87
           5       0.28      0.30      0.29        47

    accuracy                           0.35       191
   macro avg       0.25      0.34      0.27       191
weighted avg       0.36      0.35      0.35       191

Textblob 	
              precision    recall  f1-score   support

           1       0.00      0.00      0.00         3
           2       0.00      0.00      0.00         3
           3       0.32      0.73      0.44        51
           4       0.52      0.31      0.39        87
           5       0.22      0.04      0.07        47

    accuracy                           0.35       191
   macro avg       0.21      0.22      0.18       191
weighted avg       0.38      0.35      0.31       191
