TextBlob Classification Report			-> Cue type: Year, cue value: 2021, # memories: 209

		 VADER 			 Textblob 
Accuracy: 0.3397129186602871, 0.3444976076555024 
Precision: [0.         0.36363636 0.32307692 0.3943662  0.30508475], [0.         0.1        0.3129771  0.50847458 0.        ] 
Recall: [0.         0.28571429 0.38888889 0.31818182 0.36734694], [0.         0.07142857 0.75925926 0.34090909 0.        ] 
F1: [0.         0.32       0.35294118 0.35220126 0.33333333], [0.         0.08333333 0.44324324 0.40816327 0.        ]

VADER 	
              precision    recall  f1-score   support

           1       0.00      0.00      0.00         4
           2       0.36      0.29      0.32        14
           3       0.32      0.39      0.35        54
           4       0.39      0.32      0.35        88
           5       0.31      0.37      0.33        49

    accuracy                           0.34       209
   macro avg       0.28      0.27      0.27       209
weighted avg       0.35      0.34      0.34       209

Textblob 	
              precision    recall  f1-score   support

           1       0.00      0.00      0.00         4
           2       0.10      0.07      0.08        14
           3       0.31      0.76      0.44        54
           4       0.51      0.34      0.41        88
           5       0.00      0.00      0.00        49

    accuracy                           0.34       209
   macro avg       0.18      0.23      0.19       209
weighted avg       0.30      0.34      0.29       209
