TextBlob Classification Report			-> Cue type: Year, cue value: 2022, # memories: 205

		 VADER 			 Textblob 
Accuracy: 0.34146341463414637, 0.3121951219512195 
Precision: [0.         0.5        0.27160494 0.4        0.36170213], [0.         0.15789474 0.29508197 0.38461538 0.45454545] 
Recall: [0.         0.14285714 0.40740741 0.36363636 0.34693878], [0.         0.14285714 0.66666667 0.25974026 0.10204082] 
F1: [0.         0.22222222 0.32592593 0.38095238 0.35416667], [0.         0.15       0.40909091 0.31007752 0.16666667]

VADER 	
              precision    recall  f1-score   support

           1       0.00      0.00      0.00         4
           2       0.50      0.14      0.22        21
           3       0.27      0.41      0.33        54
           4       0.40      0.36      0.38        77
           5       0.36      0.35      0.35        49

    accuracy                           0.34       205
   macro avg       0.31      0.25      0.26       205
weighted avg       0.36      0.34      0.34       205

Textblob 	
              precision    recall  f1-score   support

           1       0.00      0.00      0.00         4
           2       0.16      0.14      0.15        21
           3       0.30      0.67      0.41        54
           4       0.38      0.26      0.31        77
           5       0.45      0.10      0.17        49

    accuracy                           0.31       205
   macro avg       0.26      0.23      0.21       205
weighted avg       0.35      0.31      0.28       205
