TextBlob Classification Report			-> Cue type: Year, cue value: 2022, # memories: 190

		 VADER 			 Textblob 
Accuracy: 0.33157894736842103, 0.3105263157894737 
Precision: [0.         0.23076923 0.26923077 0.42553191 0.52173913], [0.         0.11764706 0.28037383 0.39285714 0.55555556] 
Recall: [0.         0.16666667 0.56       0.28169014 0.25531915], [0.         0.11111111 0.6        0.30985915 0.10638298] 
F1: [0.         0.19354839 0.36363636 0.33898305 0.34285714], [0.         0.11428571 0.38216561 0.34645669 0.17857143]

VADER 	
              precision    recall  f1-score   support

           1       0.00      0.00      0.00         4
           2       0.23      0.17      0.19        18
           3       0.27      0.56      0.36        50
           4       0.43      0.28      0.34        71
           5       0.52      0.26      0.34        47

    accuracy                           0.33       190
   macro avg       0.29      0.25      0.25       190
weighted avg       0.38      0.33      0.33       190

Textblob 	
              precision    recall  f1-score   support

           1       0.00      0.00      0.00         4
           2       0.12      0.11      0.11        18
           3       0.28      0.60      0.38        50
           4       0.39      0.31      0.35        71
           5       0.56      0.11      0.18        47

    accuracy                           0.31       190
   macro avg       0.27      0.23      0.20       190
weighted avg       0.37      0.31      0.29       190
