TextBlob Classification Report			-> Cue type: Condition, cue value: Song , # memories: 276

		 VADER 			 Textblob 
Accuracy: 0.3442028985507246, 0.2898550724637681 
Precision: [0.33333333 0.14285714 0.31060606 0.47297297 0.35897436], [0.         0.04166667 0.27607362 0.44285714 0.21428571] 
Recall: [0.2        0.22222222 0.56164384 0.30973451 0.20895522], [0.         0.05555556 0.61643836 0.27433628 0.04477612] 
F1: [0.25       0.17391304 0.4        0.37433155 0.26415094], [0.         0.04761905 0.38135593 0.33879781 0.07407407]

VADER 	
              precision    recall  f1-score   support

           1       0.33      0.20      0.25         5
           2       0.14      0.22      0.17        18
           3       0.31      0.56      0.40        73
           4       0.47      0.31      0.37       113
           5       0.36      0.21      0.26        67

    accuracy                           0.34       276
   macro avg       0.32      0.30      0.29       276
weighted avg       0.38      0.34      0.34       276

Textblob 	
              precision    recall  f1-score   support

           1       0.00      0.00      0.00         5
           2       0.04      0.06      0.05        18
           3       0.28      0.62      0.38        73
           4       0.44      0.27      0.34       113
           5       0.21      0.04      0.07        67

    accuracy                           0.29       276
   macro avg       0.19      0.20      0.17       276
weighted avg       0.31      0.29      0.26       276
